-3.334485764224692339e+00,-1.812929831228989652e+00,1.000000000000000000e+00
5.068939317568881719e+00,2.415797046349505539e+00,1.000000000000000000e+00
-5.231524485224593235e+00,-2.163820576387030847e+00,1.000000000000000000e+00
4.374699753606127395e+00,1.170956496574997230e+00,1.000000000000000000e+00
-1.389960712429253231e+00,-5.013451225580942694e-01,1.000000000000000000e+00
2.379808897207292162e+00,-3.574650703785844819e+00,0.000000000000000000e+00
-8.216687630997563385e-01,1.914408112664983452e+00,0.000000000000000000e+00
1.212808996684074714e+00,-9.048239490795504381e-01,1.000000000000000000e+00
3.050685968765437295e+00,4.536813590461742152e+00,1.000000000000000000e+00
-5.025900721452012831e+00,9.569776582628606310e-01,0.000000000000000000e+00
-3.753488958644062734e+00,-5.249446612468875450e+00,1.000000000000000000e+00
-2.278109494359036091e+00,-5.042812434536574351e+00,1.000000000000000000e+00
-1.615143592362865199e+00,4.024950394481048299e+00,0.000000000000000000e+00
3.002376604218396139e+00,4.908042146719394871e+00,1.000000000000000000e+00
-1.460397390301577447e+00,1.922781169468569029e+00,0.000000000000000000e+00
4.896473919806087594e+00,2.305347545802123754e+00,1.000000000000000000e+00
6.651251226881169654e-01,1.823499216744800311e+00,0.000000000000000000e+00
-5.274398039168076480e+00,-3.704412525365232245e+00,1.000000000000000000e+00
-2.892593471411964323e+00,-2.938820379355410850e+00,1.000000000000000000e+00
3.248179599771827242e+00,-6.417246391341244749e-01,1.000000000000000000e+00
-3.451524374566491971e-01,5.191398284545244657e+00,1.000000000000000000e+00
5.335074803557302570e-01,5.205089206859600637e+00,1.000000000000000000e+00
-3.502402138163569045e+00,-5.243455891210230035e+00,1.000000000000000000e+00
4.437755596685529547e+00,2.463106829218891569e+00,1.000000000000000000e+00
1.173292202894959724e+00,1.628795426674753744e+00,1.000000000000000000e+00
9.599865292802298722e-01,-5.593435168086433595e-01,1.000000000000000000e+00
-6.560762340269363779e-01,2.922218498712183088e+00,0.000000000000000000e+00
-2.401740913987003623e+00,3.841522419517585440e+00,0.000000000000000000e+00
3.213095328079430324e+00,-3.377413728780260360e+00,0.000000000000000000e+00
1.507104877647731156e+00,-2.990527776923803227e+00,0.000000000000000000e+00
3.919151011881742530e+00,2.053566799929252618e+00,1.000000000000000000e+00
3.678575480478574633e+00,-2.861553768687791877e+00,0.000000000000000000e+00
-5.006094060836034920e+00,-2.273691950851057353e+00,1.000000000000000000e+00
4.304899803252735246e+00,-5.291365504583136925e+00,0.000000000000000000e+00
2.435096611635223951e+00,1.129348693467945086e+00,1.000000000000000000e+00
1.601309392067294723e+00,2.482484293473381953e+00,1.000000000000000000e+00
2.421055791839155980e+00,2.392158651699860084e+00,1.000000000000000000e+00
3.236761954570376076e+00,4.908650910645781518e-01,0.000000000000000000e+00
-2.597074444296272766e+00,-1.316171084007173642e+00,1.000000000000000000e+00
7.695514056395467151e-01,1.598144350099790278e+00,1.000000000000000000e+00
-2.698989790106791187e+00,3.724347954920658843e+00,0.000000000000000000e+00
-1.535594418552585827e+00,1.284882473758020893e+00,0.000000000000000000e+00
1.981536349098441452e+00,-3.387789172518426817e+00,0.000000000000000000e+00
4.919602819156074225e-01,2.830374321113509950e+00,1.000000000000000000e+00
5.569365338521345965e-01,4.334322432598385788e+00,0.000000000000000000e+00
2.160579886462144827e+00,4.655077306322318087e+00,1.000000000000000000e+00
1.280476230896336665e+00,-3.409279185502442355e-01,1.000000000000000000e+00
-4.438863885447161373e+00,9.581371778021483543e-01,0.000000000000000000e+00
-4.181822358424224007e+00,1.391441810621267594e+00,0.000000000000000000e+00
3.913210957656142241e+00,-3.922171263508340999e+00,0.000000000000000000e+00
3.166473809924259974e+00,2.662838455141357308e+00,1.000000000000000000e+00
-3.246202661194627748e+00,-9.413350165031084682e-01,0.000000000000000000e+00
-1.987056549511916126e+00,9.360649276868846513e-01,0.000000000000000000e+00
1.142934444689722495e+00,-3.392469416789595016e+00,0.000000000000000000e+00
9.628799847920519461e-01,5.276319913999913958e+00,1.000000000000000000e+00
1.517826626914057009e+00,3.865129189026012657e+00,1.000000000000000000e+00
3.516102477112452274e+00,-3.559045698512341538e+00,0.000000000000000000e+00
2.774750772902972784e+00,-1.546832033783428262e+00,0.000000000000000000e+00
-4.622744821768180579e+00,2.006375607461484467e+00,0.000000000000000000e+00
1.130742471852560271e+00,3.126177375110450019e+00,1.000000000000000000e+00
-5.276486713178407228e+00,3.522273864055624593e+00,0.000000000000000000e+00
3.776695469098787061e+00,-4.205467472500723503e+00,0.000000000000000000e+00
5.076347189142074612e+00,2.489232106228121744e+00,1.000000000000000000e+00
-2.987229644957070995e+00,3.162584142794378828e+00,0.000000000000000000e+00
9.885938689973037263e-01,-8.356727334126976547e-01,0.000000000000000000e+00
-3.895493664159594527e+00,-4.029218473382869981e+00,1.000000000000000000e+00
-4.662007705544787939e+00,-4.369343026906198801e+00,1.000000000000000000e+00
3.846345060905773217e+00,3.806648794240860556e-01,1.000000000000000000e+00
3.570834622195881436e-01,-1.930345965064355962e+00,1.000000000000000000e+00
8.890701523425368347e-01,-4.753443970812335273e+00,0.000000000000000000e+00
-1.820659844046590203e+00,-2.229745584508432188e+00,1.000000000000000000e+00
-4.048102495714684501e+00,-2.436745745415675568e+00,1.000000000000000000e+00
4.498141155661135926e+00,-4.932412391100694293e+00,0.000000000000000000e+00
-1.601006688858408245e+00,-3.881420056919501760e-01,0.000000000000000000e+00
-4.816445523026665398e+00,1.862299238817748170e+00,0.000000000000000000e+00
3.221658696336294092e+00,-3.839914594678802473e+00,0.000000000000000000e+00
-1.994880762123804940e+00,-1.800133296066074085e+00,1.000000000000000000e+00
-2.649909777241830966e+00,1.686170144983425212e+00,0.000000000000000000e+00
5.071664609146073754e-01,2.871092059786021888e+00,0.000000000000000000e+00
5.501551338006647196e-01,-4.833923738270053505e+00,0.000000000000000000e+00
-9.441360160223708498e-01,4.677300891576531505e+00,0.000000000000000000e+00
-3.739020834373072866e+00,-4.081205794229045836e+00,1.000000000000000000e+00
-1.883971310229686003e+00,5.228202518568155099e+00,0.000000000000000000e+00
3.407615764019113591e+00,1.251569909893824661e+00,1.000000000000000000e+00
3.373124378096857612e+00,7.124811420559138408e-01,1.000000000000000000e+00
9.782347077284212489e-01,-1.129168678025733508e+00,0.000000000000000000e+00
-9.792716803614651688e-01,-3.930477502320634642e+00,1.000000000000000000e+00
4.586529686170378817e+00,3.371690485016395900e-01,1.000000000000000000e+00
7.539395005906988079e-01,-3.738727772411917782e-01,0.000000000000000000e+00
7.920153994774046247e-01,1.083531942637378842e+00,0.000000000000000000e+00
-3.322319623387384624e+00,3.097063106039575686e+00,0.000000000000000000e+00
2.888302236568674353e+00,4.555023404418083288e+00,1.000000000000000000e+00
3.530319585317680975e+00,-3.447463001272552230e+00,0.000000000000000000e+00
-2.137643767082754831e+00,5.053094757489434485e+00,0.000000000000000000e+00
-1.726346832720052404e+00,2.749656073908034237e+00,0.000000000000000000e+00
-9.563568989611335169e-01,-5.160269480027180222e+00,1.000000000000000000e+00
3.570724118164226191e+00,-2.677957267246746209e+00,0.000000000000000000e+00
2.115493680455549974e+00,-2.531991075987370721e+00,0.000000000000000000e+00
-3.036962048312251028e+00,1.826843656858805121e+00,0.000000000000000000e+00
5.341640590522587217e-01,-3.046852817019666926e+00,0.000000000000000000e+00
4.488927894531669516e+00,2.110470667043885307e+00,1.000000000000000000e+00
-4.451812180534253649e+00,1.963245154575039342e+00,0.000000000000000000e+00
5.241001395196926538e+00,-1.787222926612386020e+00,0.000000000000000000e+00
-9.581273847592417514e-01,4.377558790003687861e+00,0.000000000000000000e+00
1.411778397504095173e+00,3.897856778294523483e+00,1.000000000000000000e+00
3.446214422811484823e+00,4.545250023830663011e+00,1.000000000000000000e+00
2.392122222139389631e+00,4.833457608647854897e+00,1.000000000000000000e+00
1.306962224950044327e+00,3.231752491471453936e+00,1.000000000000000000e+00
3.920201572295440418e+00,-2.793504215434452043e+00,0.000000000000000000e+00
2.908381718458587617e+00,4.276812219803282744e+00,1.000000000000000000e+00
2.586940905979513872e+00,-1.897930689984515862e+00,0.000000000000000000e+00
7.678412034366330907e-01,-5.094142801150939981e+00,0.000000000000000000e+00
3.279327388952373745e+00,-2.883838636080541029e+00,0.000000000000000000e+00
-7.171266066270907125e-01,-1.010536106976898996e+00,1.000000000000000000e+00
3.748231981618193487e+00,2.494373616754620215e+00,1.000000000000000000e+00
2.694561006652731905e+00,2.416773522004725727e+00,1.000000000000000000e+00
-5.099076403424081860e+00,2.285008991631686914e+00,0.000000000000000000e+00
-3.628969886643568010e+00,2.794545121475097815e+00,0.000000000000000000e+00
2.137632270354882902e+00,-1.049098327941846209e+00,0.000000000000000000e+00
-4.116850800277200406e+00,-4.793043281532354705e+00,1.000000000000000000e+00
3.487567053617470325e+00,2.446322218302759310e+00,1.000000000000000000e+00
1.715126497126491012e+00,4.016856875133683502e+00,1.000000000000000000e+00
1.157817816580716030e+00,-2.032417736946394271e+00,0.000000000000000000e+00
3.858639970363447524e+00,1.925018563922630044e+00,1.000000000000000000e+00
-1.184280284715139908e+00,1.225362934885676269e+00,0.000000000000000000e+00
-2.656175762320105882e+00,4.949615079977263576e+00,0.000000000000000000e+00
-4.395884721298198627e+00,-3.802480508836005413e+00,1.000000000000000000e+00
-2.341516839718010168e+00,4.433598233321265347e+00,0.000000000000000000e+00
2.590509201210405621e+00,3.684716598920399377e+00,1.000000000000000000e+00
3.531742492578604953e+00,-3.393100615809217402e+00,0.000000000000000000e+00
-2.916366486127640378e+00,-1.078960165725123321e+00,1.000000000000000000e+00
-2.807662071159699568e+00,-8.679116355359381973e-01,1.000000000000000000e+00
-1.219999291906770145e+00,4.613505858166432994e+00,0.000000000000000000e+00
-2.029289042538096943e+00,-1.440120559215303020e+00,1.000000000000000000e+00
2.779627338214111898e+00,1.023167840076300905e+00,1.000000000000000000e+00
1.318161808038132765e+00,-2.836946717354329017e+00,0.000000000000000000e+00
-4.124558445347370927e+00,-3.041465727254745843e+00,1.000000000000000000e+00
-2.409951115051415904e+00,-1.598913338543054063e+00,1.000000000000000000e+00
2.563357244468685181e+00,2.666705602032454880e+00,1.000000000000000000e+00
-4.138130337837204742e+00,-3.875140360199463174e+00,1.000000000000000000e+00
-3.861599165900454267e+00,1.967045966668898638e+00,0.000000000000000000e+00
-1.159854721589249404e+00,1.256120084545015780e+00,0.000000000000000000e+00
4.369791344499993180e+00,2.128806113572649483e+00,1.000000000000000000e+00
1.710731809157211902e+00,-2.686950237033832067e+00,0.000000000000000000e+00
3.563639967963522004e+00,-4.538470230598350419e+00,0.000000000000000000e+00
-3.252786007609428154e+00,-3.002655191528812217e+00,1.000000000000000000e+00
-2.140584192608151248e+00,-5.246972281947882344e+00,1.000000000000000000e+00
-2.678526983673925166e+00,-4.006863700786171378e+00,1.000000000000000000e+00
5.173071575851496462e+00,-1.116280641830122766e+00,0.000000000000000000e+00
-2.312571593977803985e+00,-2.774773956880459025e+00,1.000000000000000000e+00
2.612089241952189944e+00,-2.216218189456183651e+00,0.000000000000000000e+00
-1.649480650714727270e+00,-9.351201514833360484e-01,1.000000000000000000e+00
-5.018858303025986345e+00,-5.258722249836953466e-01,1.000000000000000000e+00
2.588554555775665733e+00,2.600678544993783703e+00,1.000000000000000000e+00
-2.047121275281606589e+00,1.090435850448491006e+00,0.000000000000000000e+00
-2.486721974765928156e+00,-1.220393588858634581e+00,1.000000000000000000e+00
-3.198515928432704492e+00,-8.712614835448093675e-01,1.000000000000000000e+00
6.099587174048324290e-01,-3.167345494287183261e+00,0.000000000000000000e+00
-4.494700269406198601e+00,4.655977555637888510e-01,0.000000000000000000e+00
1.817428032205003818e+00,2.160945337176115366e+00,1.000000000000000000e+00
-1.716184405730469598e+00,3.623594678486622200e+00,0.000000000000000000e+00
-2.445945083059864800e+00,-2.458947742026349914e+00,1.000000000000000000e+00
-4.131144685735686828e+00,5.103678335677869882e+00,0.000000000000000000e+00
-3.476057690390190302e+00,3.279476329556547221e+00,0.000000000000000000e+00
1.006329097972351372e+00,1.507422317194131223e+00,1.000000000000000000e+00
4.953322092297056223e+00,-2.016132464186168427e+00,0.000000000000000000e+00
-4.893663828542131888e+00,3.117294126814392108e+00,0.000000000000000000e+00
-2.887055676100421131e+00,-2.040399775475582711e+00,1.000000000000000000e+00
-4.998893814121367463e+00,3.086836393776541509e+00,0.000000000000000000e+00
2.240114974006370385e+00,-3.993906790645215032e+00,0.000000000000000000e+00
-2.931750006245667617e+00,3.439389088016802987e+00,0.000000000000000000e+00
-3.578902641302276866e+00,-2.739586221504015207e+00,1.000000000000000000e+00
5.015812859199681562e+00,-6.435676762458106825e-01,0.000000000000000000e+00
4.738381164477354801e+00,-1.596675999491042663e+00,0.000000000000000000e+00
-2.916682860608617922e+00,3.048086476826263436e+00,0.000000000000000000e+00
-1.627464466713193003e+00,-2.511391392729331429e+00,1.000000000000000000e+00
1.947850298332090890e+00,-5.194527706843007131e+00,0.000000000000000000e+00
-8.711511926168866715e-01,4.963226319412338050e+00,0.000000000000000000e+00
-2.404288446230379073e+00,-1.155235457816103706e+00,1.000000000000000000e+00
1.947054330442659964e+00,4.445180466020525856e+00,1.000000000000000000e+00
1.414287179105306658e+00,1.573955488315053941e+00,1.000000000000000000e+00
-4.533638634625652308e+00,-2.574867639504776040e+00,1.000000000000000000e+00
2.566641839224703237e+00,3.851708506111354069e+00,1.000000000000000000e+00
-1.053961321686178509e+00,-4.844927120917671970e-01,1.000000000000000000e+00
-2.551740786789522097e+00,-2.269570554588562050e+00,1.000000000000000000e+00
5.076523425354093622e-01,-4.003249510407871803e+00,1.000000000000000000e+00
-1.429543722241506165e+00,-2.770644260912741963e+00,1.000000000000000000e+00
3.931858831449334790e+00,4.072340772755659088e+00,1.000000000000000000e+00
-1.959754391122402239e+00,-1.791759624330597545e+00,1.000000000000000000e+00
-3.773341864853746230e+00,-4.497480843426257535e-01,1.000000000000000000e+00
1.935159886888123459e+00,-3.195655219869315111e+00,0.000000000000000000e+00
-3.254604309920658523e+00,-3.646216345766941203e+00,1.000000000000000000e+00
3.485335011127814298e+00,-1.539374827334325291e+00,0.000000000000000000e+00
3.275466389432979852e+00,-1.610621819290709356e+00,0.000000000000000000e+00
-2.731691404734213791e+00,-4.190324186053097755e+00,1.000000000000000000e+00
-1.409382699986887255e+00,-4.107236154398322014e+00,1.000000000000000000e+00
-2.134601702787812361e+00,-3.157403155552841234e+00,1.000000000000000000e+00
-4.391025686648911908e+00,-3.653029328590789326e+00,1.000000000000000000e+00
1.039482076282500556e+00,4.871728711427048886e+00,1.000000000000000000e+00
-3.688267971500623688e+00,-1.620789497417950198e+00,1.000000000000000000e+00
-1.211915821754135703e+00,3.016113902250530998e+00,0.000000000000000000e+00
3.354449257216946645e+00,2.337333823620188600e+00,1.000000000000000000e+00
-2.883413848221035636e+00,-4.941959089329987620e+00,1.000000000000000000e+00
-3.899940614403905492e+00,-2.639862402831951282e+00,1.000000000000000000e+00
1.843776993591559110e+00,4.178877343477812367e+00,1.000000000000000000e+00
-1.228269149830145457e+00,4.487114865455922086e+00,0.000000000000000000e+00
-3.195689102361076284e+00,-4.325325712402610989e+00,1.000000000000000000e+00
5.744367479897558582e-01,-5.603631042261678630e-01,0.000000000000000000e+00
-3.221792136469745049e+00,-2.362602913750492917e+00,1.000000000000000000e+00
2.494435378790310409e+00,2.907340721635517156e+00,1.000000000000000000e+00
-4.562658161583074801e+00,1.332869878824940235e+00,0.000000000000000000e+00
-2.020033425690207274e+00,9.524517776816308068e-01,0.000000000000000000e+00
3.393370258105298909e+00,-4.042643899458237655e+00,0.000000000000000000e+00
3.334448496223878955e+00,-5.137732426853847123e+00,0.000000000000000000e+00
2.802521515719368139e+00,-1.035397623501544739e+00,0.000000000000000000e+00
3.733473133639488406e+00,-2.699044207078638458e+00,0.000000000000000000e+00
4.450916485664033195e-01,4.855112737832630643e+00,1.000000000000000000e+00
-1.052978059262380306e+00,1.136489780393411309e+00,0.000000000000000000e+00
-1.417154065496127657e+00,-3.062890411029751014e+00,1.000000000000000000e+00
4.746412036225014397e+00,1.947715526475006564e+00,1.000000000000000000e+00
1.033362370084500492e+00,-2.137031144895479962e+00,0.000000000000000000e+00
-2.213752813029007172e+00,-3.853606939872419090e+00,1.000000000000000000e+00
-3.371173926281721300e+00,2.398257674373466930e+00,0.000000000000000000e+00
-6.264369835649028495e-01,1.133800671677489325e+00,0.000000000000000000e+00
-1.312110253321101316e+00,-1.161439539128358067e+00,1.000000000000000000e+00
4.809826492438659673e-01,-2.235589173767391191e+00,0.000000000000000000e+00
1.369469934173517034e+00,5.279476769143245818e+00,1.000000000000000000e+00
1.008446214044412592e+00,-4.210330498712294478e+00,0.000000000000000000e+00
-1.034231334779701417e+00,-1.359164607326065255e+00,1.000000000000000000e+00
-1.169015844449635466e+00,-4.396558374408392922e+00,1.000000000000000000e+00
2.734997465001776540e+00,2.779304729619520131e+00,1.000000000000000000e+00
-3.976801855848441480e+00,-2.157195138018670022e+00,1.000000000000000000e+00
7.743392817775982540e-01,-4.110627422064951908e+00,0.000000000000000000e+00
2.024798122191507677e+00,1.496854170270903506e+00,1.000000000000000000e+00
1.480121473029456292e+00,-2.233882316582663563e+00,0.000000000000000000e+00
-1.460100643733997838e+00,3.315339651891140882e+00,0.000000000000000000e+00
-4.847683490378989823e+00,-4.804482311818870421e+00,1.000000000000000000e+00
3.269055055475947213e+00,-2.737434895228989085e+00,0.000000000000000000e+00
9.745642344660807588e-01,-3.429075331113378589e+00,0.000000000000000000e+00
1.535563935655540391e+00,2.505299393174555522e+00,1.000000000000000000e+00
4.309978952797696716e-01,-2.370313291444674064e+00,0.000000000000000000e+00
-2.251879776087790219e+00,3.579310281422065199e+00,0.000000000000000000e+00
-5.647561529596254459e-01,4.783773354205930750e-01,0.000000000000000000e+00
-1.773325289829322582e+00,-1.765940990338472405e+00,1.000000000000000000e+00
-1.991616175880873474e+00,-1.857079909574754550e+00,1.000000000000000000e+00
1.326137402513203112e+00,3.591049623831248816e+00,1.000000000000000000e+00
1.596287838040189921e+00,-3.477645328318651252e+00,0.000000000000000000e+00
-4.066838584138825929e+00,1.227715585748653027e+00,0.000000000000000000e+00
-4.084096051860272580e-01,2.443682867781149959e+00,0.000000000000000000e+00
-1.328539523876865802e+00,3.441203701497541179e+00,0.000000000000000000e+00
-2.815158402615970168e+00,-4.324828369372839987e+00,1.000000000000000000e+00
5.217490978729652618e+00,-2.871980055495154005e+00,0.000000000000000000e+00
-4.795014994546009213e+00,1.989581979006254997e+00,0.000000000000000000e+00
3.469079005458353571e+00,-4.814232287614027328e+00,0.000000000000000000e+00
-4.410623805342842374e+00,2.990472760642210570e+00,0.000000000000000000e+00
-2.950994759473058338e+00,2.875934224359165015e+00,0.000000000000000000e+00
1.351347771070245729e+00,-1.819347345220202250e+00,0.000000000000000000e+00
-1.790604090533523873e+00,2.375208513270668398e+00,0.000000000000000000e+00
3.435919894105925021e+00,1.553345312949312218e+00,1.000000000000000000e+00
7.419060348166293117e-01,-3.134771949902966703e+00,0.000000000000000000e+00
4.459104237397286674e+00,-2.709715298734329370e+00,0.000000000000000000e+00
-1.880870354851543524e+00,4.020141492351115176e+00,0.000000000000000000e+00
5.967268697402392519e-01,-2.459003871133143448e+00,0.000000000000000000e+00
-1.923080084121306710e+00,9.845766574707046637e-01,0.000000000000000000e+00
1.954123934979632216e+00,2.543210615820799880e+00,1.000000000000000000e+00
1.405500913399037932e+00,-4.665336413312679009e-01,1.000000000000000000e+00
-2.595454509019946343e+00,-3.436149495774621698e+00,1.000000000000000000e+00
-2.572384630962800234e+00,3.083033949817678199e+00,0.000000000000000000e+00
3.765241680788880885e+00,1.587890903159121292e+00,1.000000000000000000e+00
3.004768743883671878e+00,2.232499202820291462e+00,1.000000000000000000e+00
3.456767592798892341e+00,2.254287375542288530e+00,1.000000000000000000e+00
-3.666578854511171492e+00,3.462231153732809652e+00,0.000000000000000000e+00
2.622237678144829331e+00,1.093057711978347779e+00,1.000000000000000000e+00
-4.045415125877378948e+00,-1.449072359527240117e+00,1.000000000000000000e+00
-1.315773260366427166e+00,4.068085524538087583e+00,0.000000000000000000e+00
3.018585996114356185e+00,2.407160285103443265e+00,1.000000000000000000e+00
7.751749857501319951e-01,1.037577180435361512e+00,1.000000000000000000e+00
3.805040647478951765e+00,-3.511341979978479078e+00,0.000000000000000000e+00
-4.040924083545616163e+00,9.067091382845513525e-01,0.000000000000000000e+00
2.111133082437642638e+00,8.532367294980511829e-01,1.000000000000000000e+00
-4.121649392422637170e+00,-3.711784449773535943e+00,1.000000000000000000e+00
1.822219561097242257e+00,-3.651216114243202693e+00,0.000000000000000000e+00
-2.272442897584384447e+00,3.033919960372684521e+00,0.000000000000000000e+00
9.457690606943855993e-01,-4.987753230047460740e+00,0.000000000000000000e+00
2.825987666471335480e+00,-3.097902255057467968e+00,0.000000000000000000e+00
-7.454322818890199986e-01,-1.557594240366225513e+00,1.000000000000000000e+00
2.536370092817365585e+00,-2.764772835013534547e+00,0.000000000000000000e+00
1.314314972353958000e+00,4.441551768046235082e+00,1.000000000000000000e+00
-8.175828434905805242e-01,2.652264965143025677e+00,1.000000000000000000e+00
-4.320854584992075864e+00,-4.186362071430297149e+00,1.000000000000000000e+00
4.620615330661896003e+00,3.650333514305887483e+00,1.000000000000000000e+00
-3.956670529441945305e+00,-3.941766996802919643e+00,1.000000000000000000e+00
5.031116387359851672e+00,-5.140945701330088546e-01,1.000000000000000000e+00
1.657178974360598911e+00,-4.580905137365190782e+00,0.000000000000000000e+00
4.514318343177875725e+00,3.270456027249089459e+00,1.000000000000000000e+00
-3.016892815210958201e+00,2.230894420478714668e+00,0.000000000000000000e+00
-1.173241804121481824e+00,4.393613355670812126e+00,0.000000000000000000e+00
2.373727849235050869e+00,4.203585075690792650e+00,1.000000000000000000e+00
-3.908711886547510783e+00,1.342067349893904860e+00,0.000000000000000000e+00
5.065032809555913396e+00,-4.078902083997375527e+00,0.000000000000000000e+00
3.934124056443952355e+00,3.731344794595423120e-01,1.000000000000000000e+00
3.337292622417437737e+00,-2.671903909272359989e+00,0.000000000000000000e+00
-5.023997767807371950e+00,-4.791996399623278613e+00,1.000000000000000000e+00
-3.500572288858798231e+00,-4.733427211865163464e+00,1.000000000000000000e+00
-8.609211940384950967e-01,3.962594830771542398e+00,0.000000000000000000e+00
-4.441829726166088399e+00,-3.056951308001480516e+00,1.000000000000000000e+00
-2.722121105334732505e+00,-4.850116548876589384e+00,1.000000000000000000e+00
2.075855028587349604e+00,6.298078890881573244e-01,1.000000000000000000e+00
3.878792936459511509e+00,2.700000128268556843e+00,1.000000000000000000e+00
3.313950451612686976e+00,2.503635027789021361e+00,1.000000000000000000e+00
3.956926245815139520e+00,1.967277559628592742e+00,1.000000000000000000e+00
-4.963617583386089827e+00,2.723904533352837554e+00,0.000000000000000000e+00
-1.920358556438650277e+00,-3.740245241696379952e-01,1.000000000000000000e+00
-9.373156873748509366e-01,3.186300154644579941e+00,0.000000000000000000e+00
-3.829945152830375843e+00,-4.443006285638589681e+00,1.000000000000000000e+00
1.465960829250999353e+00,2.028756894218172846e+00,1.000000000000000000e+00
-3.174117071436732385e+00,-4.177845788580792252e+00,1.000000000000000000e+00
-1.635107259900305587e+00,-3.127379877619050674e+00,1.000000000000000000e+00
3.132656676715963151e+00,3.654572882501546438e+00,1.000000000000000000e+00
2.843508595025394214e+00,-9.765933587089579149e-01,0.000000000000000000e+00
-4.210921738466391062e+00,-3.159476306396322154e-01,1.000000000000000000e+00
4.478298530793618504e+00,3.703493580276470687e-01,1.000000000000000000e+00
-9.353349115075713094e-01,5.212638451409404183e+00,0.000000000000000000e+00
-4.564613818005101464e+00,-5.797396747468805955e-01,0.000000000000000000e+00
4.916430651710584243e+00,2.222974312306744249e+00,1.000000000000000000e+00
-1.741327467156712272e+00,4.548142541797611571e+00,0.000000000000000000e+00
9.449921575212503200e-01,2.071334744136945183e+00,1.000000000000000000e+00
-3.767158828570935203e+00,3.062143276318398222e+00,0.000000000000000000e+00
4.276949336447255945e+00,-1.488994503966254213e+00,0.000000000000000000e+00
3.705805200185127712e-01,-3.588200857678005118e+00,0.000000000000000000e+00
-5.258603513982992084e+00,-6.997340118743275994e-01,1.000000000000000000e+00
3.344248768669215277e+00,3.565559535922136369e+00,1.000000000000000000e+00
4.221807259075791019e-01,1.231476624068805537e+00,1.000000000000000000e+00
-1.293657361475899270e+00,-1.271800813350172144e+00,1.000000000000000000e+00
1.733106556379096830e+00,2.013820028961294639e+00,1.000000000000000000e+00
1.932760937272920199e+00,-1.200822283925637501e+00,0.000000000000000000e+00
-5.210990323410112701e+00,4.783347873543729811e+00,0.000000000000000000e+00
4.177776619799562496e+00,-3.631448857389712792e+00,0.000000000000000000e+00
-3.331724181646033678e+00,2.638454524095221299e+00,0.000000000000000000e+00
-4.193354071203184041e+00,1.764408669302512722e+00,0.000000000000000000e+00
3.117400481304562376e+00,1.848680568832245852e+00,1.000000000000000000e+00
9.090036564280532527e-01,-4.330077456138334391e+00,0.000000000000000000e+00
-1.942884450622944570e+00,-3.358066220817464753e+00,1.000000000000000000e+00
3.018163294148693332e+00,-3.509758873467064610e+00,0.000000000000000000e+00
-1.034717469196116735e+00,3.278092595972586842e+00,0.000000000000000000e+00
-1.307685915381914032e+00,-1.486229683827673176e+00,1.000000000000000000e+00
-4.779185070135221203e+00,-3.098718800699708620e+00,1.000000000000000000e+00
-2.740476352066421484e+00,1.435053168151521952e+00,0.000000000000000000e+00
-2.877954824153596380e+00,1.111431449770212465e+00,0.000000000000000000e+00
9.806562412787565020e-01,3.248540904244189065e+00,1.000000000000000000e+00
-1.265397367093273662e+00,7.737046783091092728e-01,0.000000000000000000e+00
-3.680907468031829666e+00,-2.598311969854453896e+00,1.000000000000000000e+00
4.466124939837975205e+00,-1.561160276842014971e+00,0.000000000000000000e+00
-3.026558066989548212e+00,1.823481421987980022e+00,0.000000000000000000e+00
2.663466794468819288e+00,-2.837476396334002615e+00,0.000000000000000000e+00
-4.009170230237033006e-01,-4.217617228782353678e+00,0.000000000000000000e+00
-3.606618364008781885e+00,4.428462326660393522e+00,0.000000000000000000e+00
-5.150265737165749869e+00,1.355998607877182183e+00,0.000000000000000000e+00
2.366662203328050218e+00,-3.008250916128046626e+00,0.000000000000000000e+00
-2.938313163318460930e+00,-2.129879255346098343e+00,1.000000000000000000e+00
-4.549719979859070840e+00,-1.412122682819973774e+00,1.000000000000000000e+00
3.989974179822012967e+00,3.103622715753495243e+00,1.000000000000000000e+00
-2.084228912169090009e+00,5.194984064128491674e-01,0.000000000000000000e+00
-3.382974143667245137e+00,1.372756133016317159e+00,0.000000000000000000e+00
4.483892763736882503e-01,3.476461245144564671e+00,1.000000000000000000e+00
-2.497110679778275610e+00,-1.912864602007854131e+00,1.000000000000000000e+00
4.912630707798035234e-01,-2.180819511103390784e+00,1.000000000000000000e+00
4.274531178846859625e+00,-4.390215943065964410e+00,0.000000000000000000e+00
-4.839863972515863644e+00,-2.648093395834726138e+00,1.000000000000000000e+00
-4.169445436021850249e+00,-4.406831609887065682e+00,1.000000000000000000e+00
-3.467269528120743960e+00,3.346201200667991316e+00,0.000000000000000000e+00
-6.952247151584065588e-01,2.115610653944956621e+00,1.000000000000000000e+00
-3.522454229104050150e+00,4.195756351559895569e-01,0.000000000000000000e+00
3.331714223032257838e+00,-2.906748019112901815e+00,0.000000000000000000e+00
-4.486252424219054014e+00,8.730120148023476911e-01,0.000000000000000000e+00
4.445093487162591117e+00,2.112372454217706697e+00,1.000000000000000000e+00
7.256637306306832347e-01,2.003255638687379658e+00,0.000000000000000000e+00
-4.452064482350736263e+00,-2.387391365424803347e+00,1.000000000000000000e+00
-3.250379666434884740e+00,3.043919014259564904e+00,0.000000000000000000e+00
4.676313243093036753e+00,-2.335285064452346404e+00,0.000000000000000000e+00
-3.864312533874860289e+00,-2.107895959504215266e+00,1.000000000000000000e+00
-2.416826722171571795e+00,-3.508369711567696392e+00,1.000000000000000000e+00
3.935182373609262374e+00,-4.202804005783909780e+00,0.000000000000000000e+00
5.150833564357888861e+00,4.522981771985443156e-01,1.000000000000000000e+00
2.622856236009082131e+00,3.543038135877551564e+00,1.000000000000000000e+00
1.024211823833598212e+00,2.559525270939409403e+00,1.000000000000000000e+00
-3.979178159724910735e+00,1.317331200642350764e+00,0.000000000000000000e+00
-3.471377793929037558e+00,2.378611758657426023e+00,0.000000000000000000e+00
-6.729460797614170708e-01,4.893950819766549998e+00,0.000000000000000000e+00
-3.897629772043584406e+00,3.787270809969341734e+00,0.000000000000000000e+00
1.722645814638989803e+00,-2.831719647551437902e+00,0.000000000000000000e+00
3.089293752052721387e-01,-1.042718389337618845e+00,1.000000000000000000e+00
-1.029771220417804223e+00,5.257339087347600248e+00,0.000000000000000000e+00
-4.194789013535139333e+00,3.157176230662630978e+00,0.000000000000000000e+00
4.813989973058794725e+00,-4.137741045193240375e+00,0.000000000000000000e+00
4.939250357662218427e+00,5.046977920960610930e+00,1.000000000000000000e+00
2.458145640421554923e+00,-3.691465067746022011e-01,1.000000000000000000e+00
2.597604617650264736e+00,-1.337453076706317301e+00,0.000000000000000000e+00
-3.344216372225000455e+00,3.930520447378389903e+00,0.000000000000000000e+00
1.725387258296647630e+00,9.914477605280256345e-01,1.000000000000000000e+00
-9.527070574792626534e-01,3.616678771869349163e+00,0.000000000000000000e+00
-1.002650375367388547e+00,-3.897703548816374486e+00,1.000000000000000000e+00
1.455953771462551227e+00,2.214962997239994902e+00,1.000000000000000000e+00
3.562498746575145425e+00,-3.310565753063150041e+00,0.000000000000000000e+00
-2.212549205479766634e+00,-4.391172566099042385e+00,1.000000000000000000e+00
-2.625325274464996639e+00,-4.183754123989600338e+00,1.000000000000000000e+00
-8.203629936987431037e-01,2.829854430776881813e+00,0.000000000000000000e+00
-3.605850608161762061e+00,-4.931957799402645115e+00,1.000000000000000000e+00
-4.106927910038960405e+00,3.497245193085118498e+00,0.000000000000000000e+00
-2.647651295976492847e+00,-1.669230179423441873e+00,1.000000000000000000e+00
1.229030430240689364e+00,-4.657466046648674585e+00,0.000000000000000000e+00
4.259062250955311768e+00,-1.953510303920422464e+00,0.000000000000000000e+00
2.769953880954660441e+00,-4.104008306766915304e+00,0.000000000000000000e+00
-4.501923136284896820e+00,-2.880393299755725334e+00,1.000000000000000000e+00
-4.938182460808616447e+00,-2.386155403523285479e+00,1.000000000000000000e+00
-1.515922259207001854e+00,7.800234834516270865e-01,0.000000000000000000e+00
-2.649026886150155136e+00,7.972908307651980220e-01,0.000000000000000000e+00
-5.151319520079725045e+00,-2.875742138301354167e+00,1.000000000000000000e+00
-4.367152838963828998e+00,-9.632448862508522502e-01,1.000000000000000000e+00
-4.767674974799802179e+00,-2.456840274615031738e+00,1.000000000000000000e+00
4.751299137857790456e+00,3.120074135470762400e+00,1.000000000000000000e+00
5.337478340414478772e-01,-4.988773976316882575e+00,1.000000000000000000e+00
-6.448519541417971901e-01,-2.329604255658962231e+00,1.000000000000000000e+00
3.368000338704535856e+00,2.099977240056762451e+00,1.000000000000000000e+00
-4.095053269386268902e+00,4.417491211316232125e+00,0.000000000000000000e+00
-3.277906174476720835e+00,-1.849022851601576978e+00,1.000000000000000000e+00
-4.869508308025577215e+00,1.610203258044698771e+00,0.000000000000000000e+00
-3.297817466002676667e+00,4.184115900357705087e+00,0.000000000000000000e+00
5.275495619979788664e+00,4.418332042425468842e+00,1.000000000000000000e+00
2.971556363603522044e+00,3.608449251608296215e+00,1.000000000000000000e+00
-5.232659093222804536e+00,3.115011713462611631e+00,0.000000000000000000e+00
-3.179372699945456904e-01,-7.023456893383348554e-01,0.000000000000000000e+00
2.403316605506699677e+00,4.052121786999136610e+00,1.000000000000000000e+00
4.263583357963281806e+00,1.985277819231459961e+00,1.000000000000000000e+00
-3.941935312781743139e+00,1.233121241945551505e+00,0.000000000000000000e+00
1.335460675163557598e+00,-1.926663925155915669e+00,0.000000000000000000e+00
1.434331276607115679e+00,3.871265131609252563e+00,1.000000000000000000e+00
9.022606781649553653e-01,3.529658317125720757e+00,1.000000000000000000e+00
-2.549215959643240215e+00,-3.685469134675082969e+00,1.000000000000000000e+00
-4.963132392517596081e+00,2.222423858381401107e+00,0.000000000000000000e+00
-4.469466633513611953e+00,5.825092073784996494e-01,1.000000000000000000e+00
-2.115563534715716010e+00,-2.231573507609049933e+00,1.000000000000000000e+00
3.565991102261729218e+00,-2.197721484427258343e+00,0.000000000000000000e+00
2.548283313853024090e+00,9.582448740846436497e-01,1.000000000000000000e+00
-3.580144881877480145e+00,-2.023927352112549816e+00,1.000000000000000000e+00
4.590565029090982740e+00,5.076259969097031366e+00,1.000000000000000000e+00
-2.193282638950236674e+00,-5.285083222505529754e+00,1.000000000000000000e+00
1.425549944047691309e+00,2.572434099141100550e+00,1.000000000000000000e+00
-6.321620813870163502e-01,-9.211793818529143696e-01,1.000000000000000000e+00
4.035107322337223579e+00,-1.675839108505314590e+00,0.000000000000000000e+00
9.107863560439153350e-01,1.514482777705431271e+00,1.000000000000000000e+00
-4.475497455160636129e+00,2.797532190130776364e+00,0.000000000000000000e+00
-1.302550033677651653e+00,-3.953267814673818492e+00,1.000000000000000000e+00
-5.046736747269418011e+00,-1.107564264300400003e+00,1.000000000000000000e+00
-4.368373368594028250e+00,1.526370570495509726e+00,0.000000000000000000e+00
-4.575160595931141216e+00,3.082388563440981777e+00,0.000000000000000000e+00
-2.141726729967091458e+00,8.702802444919630620e-01,0.000000000000000000e+00
-3.284407754817050940e+00,8.953206961293689314e-01,0.000000000000000000e+00
-9.701020493758414354e-01,-2.985428343331006484e+00,1.000000000000000000e+00
-7.981948374385836598e-01,-8.762514250169493035e-01,1.000000000000000000e+00
-4.918452241045556228e+00,-4.167564171124912065e+00,1.000000000000000000e+00
2.543222889053773805e+00,-7.488847768336535093e-01,0.000000000000000000e+00
2.778061015853034554e+00,2.302715853527891099e+00,1.000000000000000000e+00
1.545796976582336280e+00,2.047455557157250361e+00,1.000000000000000000e+00
-3.036207121134564701e+00,4.426286699223663135e+00,0.000000000000000000e+00
-2.001394068121857384e+00,4.965885907295679580e+00,0.000000000000000000e+00
-3.942304309528928741e+00,-5.366759011247865807e-01,0.000000000000000000e+00
3.363136062100842594e+00,-4.950873281421214855e+00,0.000000000000000000e+00
-1.121014614780306617e+00,3.086793032644589818e+00,0.000000000000000000e+00
3.389482340804503280e-01,-1.992195833588802145e+00,0.000000000000000000e+00
-2.434368397704078202e+00,2.754949974640612087e+00,0.000000000000000000e+00
4.798429933874349018e+00,2.845381718803709603e+00,1.000000000000000000e+00
-2.980084678760952066e+00,-3.408326154078118009e+00,1.000000000000000000e+00
-3.750393789918360810e+00,4.098353149638588988e+00,0.000000000000000000e+00
-2.940595004323990125e+00,2.388628292815017762e+00,0.000000000000000000e+00
8.984932640365503875e-01,-1.982038425352904198e+00,0.000000000000000000e+00
3.826059790517490455e+00,-4.309177375927395026e+00,0.000000000000000000e+00
-4.585802416202609422e+00,-3.931709384449414202e+00,1.000000000000000000e+00
-4.485730416447821334e+00,1.217547571803027973e+00,0.000000000000000000e+00
-3.086379344137972325e+00,2.186630101348074451e+00,0.000000000000000000e+00
-4.019157641918216228e+00,-1.605980501923379489e+00,1.000000000000000000e+00
-1.093700628269947739e+00,-1.121152858037560485e+00,1.000000000000000000e+00
-4.615588628328064047e+00,-5.866894189683433680e-01,1.000000000000000000e+00
-2.782104054985954811e+00,1.427652816599029650e+00,0.000000000000000000e+00
-4.003399379492137200e+00,5.184866039595898535e+00,0.000000000000000000e+00
1.992967218974702526e+00,4.029270018594108826e+00,1.000000000000000000e+00
4.695256660927218384e+00,3.764377371301543374e+00,1.000000000000000000e+00
2.408123378065592846e+00,4.572053241817687130e+00,1.000000000000000000e+00
1.783738919052785032e+00,1.783146277452834827e+00,1.000000000000000000e+00
7.583624953679466429e-01,-3.123404716231499734e+00,0.000000000000000000e+00
7.939108464535646892e-01,-1.343994280484944515e+00,0.000000000000000000e+00
1.297133367187287334e+00,4.690590867691898924e-01,1.000000000000000000e+00
-2.860800226290427073e+00,-1.746426922849722896e+00,1.000000000000000000e+00
-3.048053340392544275e+00,2.162208742046029641e+00,0.000000000000000000e+00
3.555495025884745530e+00,-6.313823581663711160e-01,1.000000000000000000e+00
3.614163965019451918e+00,4.981122476382428665e+00,1.000000000000000000e+00
-4.226952022238836371e+00,-4.224420438169333991e+00,1.000000000000000000e+00
1.042045266321924624e+00,3.134216307936456669e+00,1.000000000000000000e+00
-1.876395244787146588e+00,-5.160709482450529517e-01,1.000000000000000000e+00
-9.879823542316010787e-01,2.737347105258767677e+00,0.000000000000000000e+00
-3.119069781953908826e+00,-4.912005568629802532e+00,1.000000000000000000e+00
3.607166075709189013e+00,6.204672905514727610e-01,1.000000000000000000e+00
3.834069658708065376e+00,-2.068657406619201833e+00,0.000000000000000000e+00
3.930901873204642349e+00,-4.673124896053220567e+00,0.000000000000000000e+00
-4.045288634904422587e+00,3.929847397545695564e+00,0.000000000000000000e+00
4.773841714579726947e+00,3.688803206075636609e+00,1.000000000000000000e+00
7.318507009840711230e-01,1.825318923670067095e+00,1.000000000000000000e+00
9.067856550798889526e-01,3.109883488662920747e+00,1.000000000000000000e+00
1.924096370287551094e+00,-1.595132483919829758e+00,0.000000000000000000e+00
1.993745338468647432e+00,-4.952863530386294677e+00,0.000000000000000000e+00
3.317604001495860544e+00,-6.930193339225285687e-01,0.000000000000000000e+00
-4.052687586070415904e+00,2.672342690463965553e+00,0.000000000000000000e+00
5.258913647698491012e+00,-2.059378388881639488e+00,0.000000000000000000e+00
-1.106968109539699707e+00,2.505522409502984438e+00,0.000000000000000000e+00
-2.774248805610646684e+00,3.659894577478985500e+00,0.000000000000000000e+00
-5.114244577366897637e+00,-5.207477106985716198e+00,1.000000000000000000e+00
4.011403562812818069e-01,6.074363507744693358e-01,1.000000000000000000e+00
2.930223874618945068e+00,4.907215912449511275e-01,0.000000000000000000e+00
5.057731296876852856e-01,1.074682352582488676e+00,0.000000000000000000e+00
1.197320945444086737e+00,1.695866330514153919e+00,1.000000000000000000e+00
2.597788674976738044e+00,-4.196084040228940992e+00,0.000000000000000000e+00
-4.036488470827316100e+00,-2.237951815561320501e+00,1.000000000000000000e+00
-3.468855020620640772e+00,-2.942282138428767624e+00,1.000000000000000000e+00
3.873692517215487463e+00,4.900988159005149392e+00,1.000000000000000000e+00
-3.253889968076751238e+00,1.537096090253486702e+00,0.000000000000000000e+00
3.083645544024283147e+00,1.406858514915565239e+00,1.000000000000000000e+00
-1.237074015514672887e+00,-2.007763895848965863e+00,1.000000000000000000e+00
-2.618066783220346139e+00,-2.073816329075654608e+00,1.000000000000000000e+00
-5.296764793608578437e+00,-3.766664942885642020e+00,1.000000000000000000e+00
4.194409581747782667e+00,-8.791030100691219484e-01,0.000000000000000000e+00
1.351680102951748674e+00,4.004965493393705667e-01,0.000000000000000000e+00
3.006059662386244113e+00,3.818587493583637915e+00,1.000000000000000000e+00
2.614650161415138285e+00,-5.125407214393505662e+00,0.000000000000000000e+00
-5.501074668720160599e-01,7.334926920670745698e-01,0.000000000000000000e+00
4.131697515496577822e+00,-3.902914738441220610e+00,0.000000000000000000e+00
3.181640739799674655e+00,-1.414208419232612979e+00,0.000000000000000000e+00
1.865009055855755049e+00,4.504129701944870945e+00,1.000000000000000000e+00
2.962452858625423513e+00,4.124373250151461612e+00,1.000000000000000000e+00
-1.437334860303485007e+00,3.669542481897156261e+00,0.000000000000000000e+00
9.645052313508826192e-01,-1.461913059865915576e+00,0.000000000000000000e+00
-4.392214685857156908e+00,-4.440718409410996159e+00,1.000000000000000000e+00
-2.065256410761221240e+00,1.986979735158822313e+00,0.000000000000000000e+00
1.518290621306420451e+00,4.337582475341787536e+00,1.000000000000000000e+00
5.062636888275347857e+00,-4.960812693457159916e+00,0.000000000000000000e+00
-2.458281190125600091e+00,-3.864014759064585469e+00,1.000000000000000000e+00
-2.218508290694582552e+00,3.899321373621646547e+00,0.000000000000000000e+00
-3.751370222388176856e+00,-4.133227183693014339e+00,1.000000000000000000e+00
-2.378879144799298295e+00,7.324805075527727194e-01,0.000000000000000000e+00
-5.441846816039195289e-01,4.879100240261316834e+00,0.000000000000000000e+00
2.896937462370969385e+00,-3.138368731123446054e+00,0.000000000000000000e+00
5.931533304409017937e-01,-1.583366716284373199e+00,0.000000000000000000e+00
-5.014289825063719341e+00,3.281263495359321603e+00,0.000000000000000000e+00
-3.630911880460188534e+00,-3.184115700654168268e+00,1.000000000000000000e+00
-1.099385316589656991e+00,-2.383723541345966090e+00,1.000000000000000000e+00
3.933302480573835247e+00,-4.384173343250094557e-01,1.000000000000000000e+00
-5.094988943276144155e-01,3.884266958467943009e+00,0.000000000000000000e+00
1.822005977731902870e+00,-2.935975013046379978e+00,0.000000000000000000e+00
7.857643102861953111e-01,-3.979621729546261477e+00,0.000000000000000000e+00
4.123886057004841343e-01,-8.163957581312384360e-01,0.000000000000000000e+00
-5.110767362801063918e+00,1.741650353686976294e+00,0.000000000000000000e+00
1.035520340186474098e+00,-2.183798264054344962e+00,0.000000000000000000e+00
2.437378067789221614e+00,-5.221106796040967168e+00,0.000000000000000000e+00
-2.407398586922944617e+00,3.573994324658866240e-01,0.000000000000000000e+00
-7.918971137721484421e-01,4.064208129693349214e+00,0.000000000000000000e+00
3.325409366759321528e-01,-4.456416948546068291e+00,0.000000000000000000e+00
-2.940407559540677340e+00,-4.467476656947870772e+00,1.000000000000000000e+00
-2.620293889017530464e+00,-3.379183792661179631e+00,1.000000000000000000e+00
1.993083361204702531e+00,-3.711063975309569329e+00,0.000000000000000000e+00
2.872790076897777212e+00,3.214228238630306045e+00,1.000000000000000000e+00
3.839143786126417268e+00,-7.222225849975714151e-01,0.000000000000000000e+00
1.647510815036230314e+00,3.749685392254995975e+00,1.000000000000000000e+00
-3.202522307587672756e+00,-5.199296064406765616e+00,1.000000000000000000e+00
-1.207675316642671026e+00,-5.003081520394839110e+00,1.000000000000000000e+00
2.611252865025722514e+00,4.327520783528741255e+00,1.000000000000000000e+00
-4.075265714223720970e+00,3.835550738223720391e+00,0.000000000000000000e+00
-4.860820800026417032e+00,1.671904103796943764e+00,0.000000000000000000e+00
-3.742862550067847849e+00,-3.551452396536908918e+00,1.000000000000000000e+00
3.432891686409676346e+00,3.459626204168031904e+00,1.000000000000000000e+00
-3.954847310896322909e+00,1.123275511086399892e+00,0.000000000000000000e+00
-6.626244196252193408e-01,4.043824985020812335e+00,0.000000000000000000e+00
4.608864954294094041e+00,2.348988004472301938e+00,1.000000000000000000e+00
1.651831094471632788e+00,-4.496795721877851371e+00,0.000000000000000000e+00
1.054341837155888584e+00,-3.971786460018902787e+00,0.000000000000000000e+00
-4.586401264722812066e+00,-2.958773397288736007e+00,1.000000000000000000e+00
5.029742890193545257e+00,-2.674982661900753733e+00,0.000000000000000000e+00
4.141343975331329474e+00,1.633538063914208083e+00,1.000000000000000000e+00
4.916942463788316786e+00,3.704004102762445405e-01,0.000000000000000000e+00
-5.060728187782079779e+00,5.231906366052224477e+00,0.000000000000000000e+00
-3.842428853367067632e+00,2.574801310272320620e+00,0.000000000000000000e+00
3.508769665033859120e+00,3.779407516589381011e+00,1.000000000000000000e+00
5.168088344735125794e+00,5.067937025600905976e+00,1.000000000000000000e+00
-2.884303461563983539e+00,-4.608559634532048754e+00,1.000000000000000000e+00
-1.747452181171966545e+00,2.783728758703419182e+00,0.000000000000000000e+00
-4.467428540601393827e+00,4.841186709094153606e+00,0.000000000000000000e+00
4.974121875482897082e+00,4.535538275461912683e+00,1.000000000000000000e+00
4.154793989200918247e+00,1.998336750333437939e+00,1.000000000000000000e+00
2.865685731608198061e+00,4.319366319329129844e+00,1.000000000000000000e+00
-2.677923663575517033e+00,4.991470268781669439e+00,0.000000000000000000e+00
8.829360829392338683e-01,-1.889977963989652787e+00,0.000000000000000000e+00
3.973877852322702076e+00,5.051656537887790677e+00,1.000000000000000000e+00
-2.426545638359772106e+00,7.400134872693995280e-01,0.000000000000000000e+00
6.954848985460890809e-01,-4.242339782111834157e-01,0.000000000000000000e+00
1.341457534001418761e+00,2.766823674262989918e+00,1.000000000000000000e+00
4.167903974368559084e+00,-4.055922355502528553e+00,0.000000000000000000e+00
3.014627344890135952e+00,3.248201019245142263e+00,1.000000000000000000e+00
-1.413368113284483085e+00,-1.172960353831566715e+00,1.000000000000000000e+00
-3.089121624938592880e+00,5.094136941115459116e+00,0.000000000000000000e+00
-3.700964949276039362e-01,4.959759709901499392e+00,0.000000000000000000e+00
-5.174763783925058647e+00,3.485603226397977039e+00,0.000000000000000000e+00
2.711594226633467386e+00,2.542358285501957305e+00,1.000000000000000000e+00
-4.389255769095051996e+00,1.067557005466271747e+00,0.000000000000000000e+00
-8.622343006775587959e-01,4.235799965993793492e+00,0.000000000000000000e+00
-8.886521072584017134e-01,-2.842344095930677383e+00,1.000000000000000000e+00
2.028853404698848895e+00,4.737394787494825010e+00,1.000000000000000000e+00
4.436808011492536785e+00,-1.262560709547858373e+00,0.000000000000000000e+00
8.401987550837928254e-01,5.027953599765742965e+00,1.000000000000000000e+00
-6.534808118428911961e-01,-1.571078195937267497e+00,1.000000000000000000e+00
1.841046692896156411e+00,-3.032967023489520741e+00,0.000000000000000000e+00
6.580118559396594957e-01,4.210052563935215431e-01,0.000000000000000000e+00
2.897815153211758421e+00,-2.471344602908876809e+00,0.000000000000000000e+00
1.812598517738209569e+00,2.005268182712315994e+00,1.000000000000000000e+00
-4.907604636147906874e+00,-4.311146209516561356e+00,1.000000000000000000e+00
1.517827730180324242e+00,-8.799279344976627115e-01,0.000000000000000000e+00
3.175458222872366676e+00,-4.907787581594949877e+00,0.000000000000000000e+00
-2.230620256398300860e+00,-4.662842886941157339e+00,1.000000000000000000e+00
-2.671005281091872519e+00,-1.503266524568369400e+00,1.000000000000000000e+00
-3.241628022705580925e+00,-1.750233575380900408e+00,1.000000000000000000e+00
-7.741898442535408709e-01,4.278916652928588249e+00,0.000000000000000000e+00
8.445036592410501974e-01,2.598006649002466251e+00,1.000000000000000000e+00
-1.789290536436799250e+00,-3.405900416907025718e+00,1.000000000000000000e+00
2.994507086800147100e+00,-2.872501007004435891e+00,0.000000000000000000e+00
2.231662374163397633e+00,7.765868111520011219e-01,0.000000000000000000e+00
-3.764796898891489718e+00,1.909268652842649239e+00,0.000000000000000000e+00
3.143235006232745654e+00,-1.684362855976027973e+00,0.000000000000000000e+00
3.705746622803111734e+00,-2.673611280499313736e+00,0.000000000000000000e+00
1.919213326384337837e+00,1.727724015374543010e+00,1.000000000000000000e+00
9.027925553526447988e-01,-3.819593516985076320e+00,0.000000000000000000e+00
2.723360374779261850e+00,4.644952068046559468e+00,1.000000000000000000e+00
4.532870341552058591e+00,-4.431895901979246766e+00,0.000000000000000000e+00
-5.596719524052637951e-01,-1.378409275663814215e+00,1.000000000000000000e+00
-1.162865610644352232e+00,2.032064437957438852e+00,0.000000000000000000e+00
1.954076509246558180e+00,4.316197837549614391e+00,1.000000000000000000e+00
-4.701955164624288308e+00,9.064348328607250149e-01,0.000000000000000000e+00
-5.025026369782732871e+00,-2.025675245308361294e+00,1.000000000000000000e+00
-1.980358307956941788e+00,4.346332782505040626e+00,0.000000000000000000e+00
-1.094829893415871558e+00,-6.659971995104749798e-01,1.000000000000000000e+00
-2.869649642834015246e+00,-2.373824081622641469e+00,1.000000000000000000e+00
1.404228152631179283e+00,-3.561015920363833409e+00,0.000000000000000000e+00
2.328927507074018521e+00,4.924487017677475542e+00,1.000000000000000000e+00
3.699978906394806977e+00,1.220505950056010924e+00,1.000000000000000000e+00
4.691478975028961607e+00,4.846400020626403737e+00,1.000000000000000000e+00
2.456141341018258206e+00,3.134776523983872742e+00,1.000000000000000000e+00
-1.477394687928087258e+00,3.360226397985504931e+00,0.000000000000000000e+00
5.118026040986534575e+00,-5.218630791621972520e+00,0.000000000000000000e+00
2.642944219048711574e+00,3.050576450099903858e-01,1.000000000000000000e+00
-2.811587609581514435e+00,-9.680016569255887049e-01,1.000000000000000000e+00
2.522505965144038242e+00,5.065011210488733262e+00,1.000000000000000000e+00
-5.030177515460109383e+00,-3.395633009749055908e+00,1.000000000000000000e+00
-9.294178007281315157e-01,-3.402671597261676784e+00,1.000000000000000000e+00
-4.481363291644215430e+00,2.281919381847640871e+00,0.000000000000000000e+00
-3.876968432582448720e+00,-4.884705070639768998e+00,1.000000000000000000e+00
-2.667199683343892236e+00,-4.829204451086151373e+00,1.000000000000000000e+00
2.107570063585328501e+00,3.834387411091006559e+00,1.000000000000000000e+00
4.351498134547501784e-01,3.792839257145127263e+00,1.000000000000000000e+00
-8.082067863981099443e-01,-2.338549277948728911e+00,1.000000000000000000e+00
4.006102999496570227e+00,4.869279312370925261e+00,1.000000000000000000e+00
4.636972660894171483e+00,3.188561007472547448e+00,1.000000000000000000e+00
4.889502935152163055e+00,-4.531645556699693600e+00,0.000000000000000000e+00
-9.668794068930650631e-01,-3.284308624734979087e+00,1.000000000000000000e+00
5.052044560482682911e+00,-1.732352236831752101e+00,0.000000000000000000e+00
-2.549590100248884994e+00,5.347881370935056999e-01,0.000000000000000000e+00
-3.705220719287824482e-01,1.514312824523625700e+00,0.000000000000000000e+00
-4.268959812257417497e+00,-4.052818453684265521e+00,1.000000000000000000e+00
5.072235344006035263e-01,1.306042168734955267e+00,1.000000000000000000e+00
-8.372781313985842022e-01,-5.234204001272797946e+00,1.000000000000000000e+00
-2.648470406204273431e+00,-5.217379566089719312e+00,1.000000000000000000e+00
1.835778867186893315e+00,-3.065888237323219356e-01,0.000000000000000000e+00
-2.187850573484031003e+00,3.544790577443880153e+00,0.000000000000000000e+00
4.751375228091021086e+00,3.380633755195184165e+00,1.000000000000000000e+00
1.784335707159462103e+00,3.947681875984696109e+00,1.000000000000000000e+00
-1.925569893711114089e+00,-4.000645278233488256e+00,1.000000000000000000e+00
2.321100071537125054e+00,-3.262133638470771757e+00,0.000000000000000000e+00
-5.083801113436857477e+00,-6.194603294996934295e-01,0.000000000000000000e+00
7.908294128628765574e-01,1.530178252656664073e+00,1.000000000000000000e+00
-2.301033525675221902e+00,3.239884259178765546e+00,0.000000000000000000e+00
1.254860399140655725e+00,2.368126088739826329e+00,1.000000000000000000e+00
1.376556124363322642e+00,-1.818559746060674831e+00,0.000000000000000000e+00
-4.931149142213937964e+00,3.724900578569221743e+00,0.000000000000000000e+00
4.032003164790007310e-01,-1.107550296914194599e+00,0.000000000000000000e+00
-3.488318377171006457e+00,-3.425139926104967092e+00,1.000000000000000000e+00
-6.530580069589673187e-01,7.969204399632077163e-01,0.000000000000000000e+00
-2.516765874965745553e+00,-3.658278851891598293e+00,1.000000000000000000e+00
-1.554054953243241055e+00,-5.198090519202920312e+00,1.000000000000000000e+00
1.846921176264888276e+00,4.087002223687608904e+00,1.000000000000000000e+00
-5.075854003233757794e+00,4.960502102214211284e+00,0.000000000000000000e+00
2.711212875374548581e+00,4.083872106857535655e+00,1.000000000000000000e+00
-2.734095003679660074e+00,2.052335267080060532e+00,0.000000000000000000e+00
2.219223253013923092e+00,-1.573814873084473431e+00,0.000000000000000000e+00
-4.795858469429123416e-01,2.893680852245013924e+00,1.000000000000000000e+00
-5.070796832881826255e+00,3.325574469315640158e+00,0.000000000000000000e+00
3.797861478281078007e+00,-1.311671433845812196e+00,0.000000000000000000e+00
2.881973971874045137e+00,-2.065355185494552437e+00,0.000000000000000000e+00
1.611709992156839855e+00,-4.506786768506930052e+00,0.000000000000000000e+00
-4.976447401681499016e+00,-1.049865706704169233e+00,1.000000000000000000e+00
-1.934432051102429106e+00,-1.693274239965716133e+00,1.000000000000000000e+00
-3.677217169846637823e+00,-8.928312140061975821e-01,1.000000000000000000e+00
-7.919626692379575505e-01,3.266429646903026729e+00,0.000000000000000000e+00
5.077674707531927289e+00,4.529312750293724044e+00,1.000000000000000000e+00
3.278019232586027343e+00,4.559751864293501433e-01,1.000000000000000000e+00
1.002032391262179578e+00,-2.914931351093525524e+00,0.000000000000000000e+00
1.853065471171662981e+00,-4.345746248777333065e+00,0.000000000000000000e+00
-1.411302506302656079e+00,3.414593796306270690e+00,0.000000000000000000e+00
6.362788456281895932e-01,-5.156589430164247645e+00,0.000000000000000000e+00
3.267478511068556024e+00,7.653914782714630327e-01,0.000000000000000000e+00
-2.975865569379803510e+00,7.244348886857496783e-01,0.000000000000000000e+00
-4.160294649526410815e+00,-4.922831117112395738e+00,1.000000000000000000e+00
5.292311003476466880e+00,3.001651963125023137e+00,1.000000000000000000e+00
-5.788204713626408093e-01,-3.559084025100117010e+00,1.000000000000000000e+00
-1.309901828662808132e+00,3.632236857527921359e+00,0.000000000000000000e+00
-2.682850654089532050e+00,-2.332198279934015517e+00,1.000000000000000000e+00
-2.875388238364840809e+00,1.044244051374233262e+00,0.000000000000000000e+00
-3.302665301119668051e+00,3.767913982161606334e+00,0.000000000000000000e+00
4.759021660112114360e-01,1.734419751984430436e+00,1.000000000000000000e+00
1.395721312348089160e+00,-1.944903408423276137e+00,0.000000000000000000e+00
4.847741493258086010e+00,5.100787692112040084e+00,1.000000000000000000e+00
1.592368450739365171e+00,3.223097061684932818e+00,1.000000000000000000e+00
-3.128530963482474725e+00,-1.396908730167118806e+00,1.000000000000000000e+00
-4.394751230511126372e-01,5.037345610899596871e+00,0.000000000000000000e+00
1.522069984337086401e+00,-5.751777162071645133e-01,0.000000000000000000e+00
1.469503991781915042e+00,-2.838867527074669717e+00,0.000000000000000000e+00
-4.002119658649837319e+00,4.088228010032264770e+00,0.000000000000000000e+00
2.786259377819898297e+00,3.883924185627393721e-01,0.000000000000000000e+00
-8.289036555093984848e-01,-2.805559227435884928e+00,0.000000000000000000e+00
-2.290148050076563191e+00,2.478012379724491954e+00,0.000000000000000000e+00
-4.761039507778286328e+00,4.603663958408390044e+00,0.000000000000000000e+00
-2.807884203891379382e+00,2.762655587367974341e+00,0.000000000000000000e+00
4.209954548879955460e+00,2.625124258890283890e+00,1.000000000000000000e+00
1.627983380743377229e+00,1.105933026754444048e+00,1.000000000000000000e+00
4.161126329920281086e-01,1.025773275771171056e+00,0.000000000000000000e+00
-4.318568642606018138e+00,5.034817564627347863e+00,0.000000000000000000e+00
-3.368837432553460687e+00,5.051956462792781544e+00,0.000000000000000000e+00
5.072028985396198841e+00,-2.109561374415822144e+00,0.000000000000000000e+00
-1.049378972082981365e+00,-3.589595914618103123e+00,1.000000000000000000e+00
1.930337462275858229e+00,2.835505043609983566e+00,1.000000000000000000e+00
-3.581987325449421000e+00,-3.344992523295830633e+00,1.000000000000000000e+00
-1.896857390761001794e+00,3.568629724848312867e-01,0.000000000000000000e+00
-2.347129879011212061e+00,3.417232464269833514e+00,0.000000000000000000e+00
-2.432204334291004244e+00,-4.629050820557754520e+00,1.000000000000000000e+00
-3.313957550502591332e+00,3.292868003872740701e+00,0.000000000000000000e+00
3.441776303769258916e-01,-1.788660473206813206e+00,0.000000000000000000e+00
1.521578108322618528e+00,4.011630320434693253e+00,1.000000000000000000e+00
2.123642730972908677e+00,-5.161395857907176143e+00,0.000000000000000000e+00
-3.491417914076434315e+00,2.114489962064500350e+00,0.000000000000000000e+00
-2.248688867923293699e+00,-4.467114403989771887e+00,1.000000000000000000e+00
-4.379709075381066796e+00,-4.278331301680380783e+00,1.000000000000000000e+00
-3.605001705928184030e+00,2.190890541201885089e+00,0.000000000000000000e+00
-1.157661608212374516e+00,-4.225221348507660402e+00,1.000000000000000000e+00
-4.837751208879295994e+00,1.666488599670757687e+00,0.000000000000000000e+00
-2.727006153284524004e+00,7.994565782589155845e-01,0.000000000000000000e+00
-5.386737796305405279e-01,-2.504309162146205914e+00,1.000000000000000000e+00
-1.066615492324049841e+00,-1.733279665007888326e+00,1.000000000000000000e+00
1.408655405268862459e+00,-2.693144402210077892e+00,0.000000000000000000e+00
4.425650683363374860e+00,1.255213231085615444e+00,1.000000000000000000e+00
-4.655240215935442905e+00,-3.245873874876856302e+00,1.000000000000000000e+00
-2.024506646535003451e+00,-2.777501013813899355e+00,1.000000000000000000e+00
-4.170742072308681436e+00,-3.716072906109484819e+00,1.000000000000000000e+00
-2.535062452160550706e+00,-2.174372525191982763e+00,1.000000000000000000e+00
1.918551465309591197e+00,-3.005454376157039142e+00,0.000000000000000000e+00
3.054504371528625306e+00,-1.601558298266943847e+00,0.000000000000000000e+00
4.379027006756862406e+00,9.664634268700964537e-01,1.000000000000000000e+00
3.205277469855963624e+00,-7.698157387254875861e-01,0.000000000000000000e+00
4.287160515527299154e+00,-3.735478856233255929e+00,0.000000000000000000e+00
2.310690416688748527e+00,1.431965143303240762e+00,1.000000000000000000e+00
-4.630443050116374692e+00,-1.704627473205539756e+00,1.000000000000000000e+00
2.347497956950125086e+00,-1.769984162700894759e+00,0.000000000000000000e+00
-1.415967410625130540e+00,-4.513480657656209871e+00,1.000000000000000000e+00
-7.413545814219300034e-01,1.793606618536391695e+00,0.000000000000000000e+00
-8.993575721940714196e-01,1.117098375553085887e+00,0.000000000000000000e+00
3.963962762183085964e+00,-4.611550459615949116e+00,0.000000000000000000e+00
-4.166600465833265154e+00,-1.406311455936481769e+00,1.000000000000000000e+00
-4.777933370025086113e+00,2.203358820327151246e+00,0.000000000000000000e+00
2.691894436315373618e+00,-3.129505096187558788e+00,0.000000000000000000e+00
2.529580500529357678e+00,-4.420498876552151124e+00,0.000000000000000000e+00
-8.204907354722277280e-01,3.949117193124150660e+00,0.000000000000000000e+00
-3.053139234408685621e+00,2.897142523399814706e+00,0.000000000000000000e+00
1.341792668900433139e+00,2.362232021058378706e+00,1.000000000000000000e+00
-1.550027655186161146e+00,3.980505601138212057e+00,0.000000000000000000e+00
8.778587325891382687e-01,-3.564441850056450534e+00,0.000000000000000000e+00
2.745997276749668536e+00,4.222697886054445959e+00,1.000000000000000000e+00
-3.423248478605424694e+00,9.732504363481995213e-01,0.000000000000000000e+00
5.030976597564122521e+00,2.874688390971338769e+00,1.000000000000000000e+00
-6.466065070653135294e-01,-2.294367355049556689e+00,1.000000000000000000e+00
4.590573786259291467e+00,-2.449535719705405512e+00,0.000000000000000000e+00
3.409624033617622452e+00,-4.079456516378006548e+00,0.000000000000000000e+00
-3.913526804559618988e+00,6.128247120182570562e-01,0.000000000000000000e+00
3.276605706518203931e+00,-4.291784618816408603e+00,0.000000000000000000e+00
-6.366999156747819022e-01,-3.753441941867888154e+00,1.000000000000000000e+00
-4.799446760826208802e+00,-3.853790592389739089e+00,1.000000000000000000e+00
-5.209211224739506818e+00,6.929108541272619437e-01,0.000000000000000000e+00
-3.233148116882941903e+00,-5.128295251994899218e+00,1.000000000000000000e+00
-4.191408239465294727e+00,-3.693641481904298196e+00,1.000000000000000000e+00
-2.018943905112170256e+00,2.912478104935250833e+00,0.000000000000000000e+00
-3.240958378030475817e+00,-2.049474902004868149e+00,1.000000000000000000e+00
2.958197871980611904e+00,2.793472765750534936e+00,1.000000000000000000e+00
3.786171793281652320e+00,-1.356678654670266715e+00,0.000000000000000000e+00
-3.583541675125433201e+00,-3.128996766044364719e+00,1.000000000000000000e+00
-4.256553935512841669e+00,8.423068474955339724e-01,0.000000000000000000e+00
-5.255624924404143528e+00,-5.057587563997476110e+00,1.000000000000000000e+00
2.439003486876329507e+00,3.006771438258962093e+00,1.000000000000000000e+00
-3.617048920311458082e-01,4.837525260590697762e+00,0.000000000000000000e+00
4.618145308361332191e+00,-3.495969523018379377e+00,0.000000000000000000e+00
4.202186982794901660e+00,1.417719428247916413e+00,1.000000000000000000e+00
-1.320325739228826789e+00,3.938848959613133083e+00,0.000000000000000000e+00
3.345532785504409801e-01,-2.412728810654581224e+00,0.000000000000000000e+00
-4.777334864180308394e+00,2.069483409646394101e+00,0.000000000000000000e+00
-4.748996811147175201e+00,-5.305389086953680167e-01,0.000000000000000000e+00
-1.953130964449849349e+00,-3.627552149159701145e+00,1.000000000000000000e+00
4.387095027626156885e+00,-3.532563756710793257e+00,0.000000000000000000e+00
-2.963687040039558518e+00,-4.351522791538182666e+00,1.000000000000000000e+00
-1.950738058084433346e+00,-4.181199827711870043e+00,1.000000000000000000e+00
5.141699482702396296e+00,-5.849875467479013214e-01,0.000000000000000000e+00
-2.648752368540537638e+00,6.897840262246810461e-01,1.000000000000000000e+00
-2.715845886018764865e+00,-1.536268013219785677e+00,1.000000000000000000e+00
-2.917476487831098364e+00,3.910625846356579949e+00,0.000000000000000000e+00
-3.895326680813801623e+00,-5.343452070570584578e-01,1.000000000000000000e+00
1.696004507982092679e+00,1.904410379052594360e+00,1.000000000000000000e+00
4.959643601413580960e+00,2.831501419760853011e+00,1.000000000000000000e+00
1.989639028971456947e+00,4.079355875265072484e+00,1.000000000000000000e+00
-3.456693550003851811e+00,5.134191737274401923e+00,0.000000000000000000e+00
-3.696310501140160465e+00,4.815942931866154630e+00,0.000000000000000000e+00
3.124889685893707636e+00,-6.088686368086113632e-01,0.000000000000000000e+00
2.998101563921793833e+00,-4.529178737342816952e+00,0.000000000000000000e+00
2.909600512290527519e+00,2.946666210543773090e+00,1.000000000000000000e+00
1.220243522134951464e+00,3.357819617658440059e+00,1.000000000000000000e+00
4.423012336800186795e+00,-4.330298008795625542e+00,0.000000000000000000e+00
5.029932825950800712e+00,-2.717874380413160651e+00,0.000000000000000000e+00
-4.205377937170885261e+00,-1.074363485398229567e+00,1.000000000000000000e+00
-4.147834511835887916e+00,-4.525614608980082387e+00,1.000000000000000000e+00
-2.785970085785970163e+00,4.272573465788061853e+00,0.000000000000000000e+00
2.971332272430387889e+00,1.006788561428307638e+00,1.000000000000000000e+00
1.535698310712450887e+00,9.309641896113005632e-01,1.000000000000000000e+00
-3.424705044795788744e+00,-2.476284083510905454e+00,1.000000000000000000e+00
4.169215379692914780e+00,-5.063859264823144635e+00,0.000000000000000000e+00
1.239631132109705103e+00,-4.143453093027716250e+00,0.000000000000000000e+00
-1.321690913179802473e+00,-4.793031826027990050e+00,1.000000000000000000e+00
-2.643009951016873416e+00,-5.220118916428509337e+00,1.000000000000000000e+00
6.767479408552377063e-01,-1.089166649548888088e+00,0.000000000000000000e+00
-1.705364026272224498e+00,-3.360650642503890229e+00,1.000000000000000000e+00
5.357758406571186960e-01,-3.052914859937208902e+00,0.000000000000000000e+00
3.956770095853289870e+00,5.250037651870040900e-01,1.000000000000000000e+00
4.702168589075870209e+00,3.964496030631280199e+00,1.000000000000000000e+00
4.357429490313380782e+00,1.933023566028413187e+00,1.000000000000000000e+00
6.822630561083062872e-01,-4.924482657351650694e+00,0.000000000000000000e+00
1.971022945366054158e+00,1.080670539874356351e+00,1.000000000000000000e+00
3.725255948457346200e+00,-1.131676954193022500e+00,0.000000000000000000e+00
-3.257044909905748131e+00,-1.270220014599058089e+00,1.000000000000000000e+00
2.143964140156473075e+00,1.779631950055113654e+00,1.000000000000000000e+00
1.820324400226503769e+00,3.307941700090693438e+00,1.000000000000000000e+00
3.557758633815608196e+00,-1.684468834875857191e+00,0.000000000000000000e+00
4.441005472379369934e+00,4.397805329394024909e+00,1.000000000000000000e+00
2.961314835010651514e+00,2.766827313764969709e+00,1.000000000000000000e+00
4.264360455112800707e+00,-1.414891206561093906e+00,0.000000000000000000e+00
-2.748739603222723815e+00,-3.522735210929256233e+00,1.000000000000000000e+00
2.117865251093166812e+00,-3.364934694177136087e+00,0.000000000000000000e+00
3.681152575771414526e+00,4.487964098885522723e+00,1.000000000000000000e+00
3.144648697710527685e+00,-4.529854040986148078e+00,0.000000000000000000e+00
2.746880097970569423e+00,-2.678601312323561245e+00,0.000000000000000000e+00
1.306342356848590791e+00,1.883130811222247569e+00,1.000000000000000000e+00
-1.466039559818052895e+00,4.601950490909022307e+00,0.000000000000000000e+00
4.864361118770116121e+00,-5.628542029437186844e-01,0.000000000000000000e+00
-1.713071469152786852e+00,1.450519711565812830e+00,0.000000000000000000e+00
-2.114203540005387794e+00,-1.932269495335697584e+00,1.000000000000000000e+00
1.059421792125685213e+00,-5.007091104811831617e-01,0.000000000000000000e+00
3.934529074576789576e+00,3.829914424660840311e+00,1.000000000000000000e+00
7.412799502231346427e-01,-1.270452292658522442e+00,0.000000000000000000e+00
-4.056813796456456345e+00,-3.820090891164037217e+00,1.000000000000000000e+00
2.434917799998526533e+00,2.919650552012582168e+00,1.000000000000000000e+00
-2.389052505671068083e+00,-3.058756775852154774e+00,1.000000000000000000e+00
-5.082722039953011972e+00,3.276971671673896580e+00,0.000000000000000000e+00
2.272709006749508820e+00,4.320725136293411595e+00,1.000000000000000000e+00
3.194673352693415236e+00,4.460730879860672071e-01,1.000000000000000000e+00
2.803095353081428875e+00,4.761400057223526439e+00,1.000000000000000000e+00
-3.526013680851997734e+00,-4.005452164588942487e+00,1.000000000000000000e+00
7.033079353741764628e-01,-2.366739201204972165e+00,0.000000000000000000e+00
-1.752920345094722610e+00,4.404434489284953180e+00,0.000000000000000000e+00
1.234476803501029840e+00,4.951996168257211117e+00,1.000000000000000000e+00
1.780333517867580317e+00,4.290195513631484658e+00,1.000000000000000000e+00
2.750434481112324470e+00,4.117381744473328276e+00,1.000000000000000000e+00
-2.946123485301031408e+00,1.619956674684839060e+00,0.000000000000000000e+00
-1.684169541284417981e+00,-2.249550485780957398e+00,1.000000000000000000e+00
1.344928886338145668e+00,2.492811716225856067e+00,1.000000000000000000e+00
9.741721251445909502e-01,-2.603085862266651507e+00,0.000000000000000000e+00
-3.518031324935570581e+00,-2.143909745456101579e+00,1.000000000000000000e+00
-1.261099565313402504e+00,-2.764522037502781693e+00,1.000000000000000000e+00
-3.302617512939359123e+00,-6.554484948493253249e-01,1.000000000000000000e+00
2.071959425535802701e+00,3.696941154733964119e+00,1.000000000000000000e+00
-1.181054461137059697e+00,-5.294918226303721998e-01,1.000000000000000000e+00
-5.116915325368962542e-01,-2.105971343594768896e+00,1.000000000000000000e+00
1.535793994748466451e+00,1.197977110629197872e+00,1.000000000000000000e+00
2.040476508053372218e+00,-4.027935845052580177e+00,0.000000000000000000e+00
8.729301233729389597e-01,3.904085605236091272e+00,1.000000000000000000e+00
3.807994334106436618e+00,1.772880270562487759e+00,1.000000000000000000e+00
2.870965234347479633e+00,2.771308427548292208e+00,1.000000000000000000e+00
-5.145575512821140229e+00,-1.195278603073913537e+00,1.000000000000000000e+00
-9.204108092190697032e-01,-1.455853604911611976e+00,1.000000000000000000e+00
3.072380975512470691e+00,-4.795225754910679150e+00,0.000000000000000000e+00
4.721978494970440643e+00,3.422346577358538866e+00,1.000000000000000000e+00
-3.506763009898364203e+00,4.180390375745380638e+00,0.000000000000000000e+00
-1.066982572089730574e+00,8.892010250815649552e-01,0.000000000000000000e+00
-2.180355857504628680e+00,-3.364775013463697562e+00,1.000000000000000000e+00
9.524293517195245862e-01,-4.234993504780690254e-01,0.000000000000000000e+00
-3.097334518567010697e+00,-2.795619967075862355e+00,1.000000000000000000e+00
4.341798436222888746e+00,-2.114165439043304673e+00,0.000000000000000000e+00
4.176699708912148701e+00,5.119867693678563647e+00,1.000000000000000000e+00
2.743526210742797566e+00,-1.047741862053665818e+00,0.000000000000000000e+00
5.009090009207437522e-01,-1.403549010898716753e+00,1.000000000000000000e+00
3.378399251522253621e+00,2.964572606149960876e+00,1.000000000000000000e+00
-1.661979217773567941e+00,3.984078355590224163e+00,0.000000000000000000e+00
-1.576543553774536255e+00,-2.670017580238971178e+00,1.000000000000000000e+00
5.995815082768483073e-01,-5.176641026222498887e+00,1.000000000000000000e+00
-5.047712337675150707e+00,-1.545247559332163290e+00,1.000000000000000000e+00
1.298708602870745965e+00,1.386632549928142666e+00,1.000000000000000000e+00
-3.238743369733063204e+00,-2.792889796812285219e+00,1.000000000000000000e+00
3.057053220960427975e+00,-4.940411962681208635e+00,0.000000000000000000e+00
1.620497206908013466e+00,-1.399711372313904079e+00,0.000000000000000000e+00
4.574092694930050662e+00,-8.334817042639028895e-01,0.000000000000000000e+00
-3.660855993310466516e+00,-2.526323192524635886e+00,1.000000000000000000e+00
-3.436279351203168186e+00,-4.634714894023420406e+00,1.000000000000000000e+00
3.352650693577388985e+00,2.797047346878634322e+00,1.000000000000000000e+00
1.274058119089035213e+00,3.665774185251579720e+00,1.000000000000000000e+00
-4.474413316020320330e+00,-4.530684861537809915e+00,1.000000000000000000e+00
-3.108228581908271781e+00,-5.505878916276960577e-01,1.000000000000000000e+00
9.259523676015222193e-01,9.296492251197072676e-01,1.000000000000000000e+00
-4.637604537870941179e+00,-3.945560142774797274e+00,1.000000000000000000e+00
-4.045456506955056319e+00,-4.387743354379619376e+00,1.000000000000000000e+00
-1.918985793343906732e+00,-3.300547673667886706e+00,1.000000000000000000e+00
3.953012410224132189e+00,-2.899560518397196862e+00,0.000000000000000000e+00
5.259532448710433350e-01,3.160183652219223482e+00,1.000000000000000000e+00
-4.975400437873118697e+00,-1.791290446597558539e+00,1.000000000000000000e+00
-3.885276696681982500e+00,-5.214994070224434175e+00,1.000000000000000000e+00
8.149820016823203783e-01,4.336223241852953159e+00,1.000000000000000000e+00
2.790462561813113584e+00,-2.484538091754404210e+00,0.000000000000000000e+00
1.164596429292062751e+00,-8.410556453961501866e-01,0.000000000000000000e+00
-3.575567877719806886e-01,1.516119688985569702e+00,1.000000000000000000e+00
-1.922867129477910719e+00,-4.362241459476921435e+00,1.000000000000000000e+00
-4.960853298136746581e+00,3.189174059691443741e+00,0.000000000000000000e+00
-1.029129281833386145e+00,-3.545214939657089559e+00,1.000000000000000000e+00
3.745251805832683800e+00,-4.655996082107435874e-01,0.000000000000000000e+00
3.420429848645158533e+00,5.120809950443658387e+00,1.000000000000000000e+00
1.392994044745248017e+00,-3.180116414268417735e+00,0.000000000000000000e+00
5.266168485480598349e+00,3.569879380310034267e-01,1.000000000000000000e+00
4.576670267832045447e+00,-2.773388701447367488e+00,0.000000000000000000e+00
4.572339289254860439e+00,-3.496924599139375367e+00,0.000000000000000000e+00
2.805374420195995810e+00,1.508461770416121617e+00,1.000000000000000000e+00
-3.566652546589808459e+00,3.739991371133075226e+00,0.000000000000000000e+00
-3.452278861239445718e+00,-1.354332456924903560e+00,1.000000000000000000e+00
-3.142478764358795473e+00,4.773178036052177831e+00,0.000000000000000000e+00
1.369738109850889618e+00,1.969040080430995765e+00,1.000000000000000000e+00
3.695139415788389670e+00,3.120340757796555287e-01,0.000000000000000000e+00
-6.666367821819683126e-01,-3.603800275179522283e-01,1.000000000000000000e+00
-1.393694372502885859e+00,-1.981400711994627306e+00,1.000000000000000000e+00
5.043879677596555311e+00,-3.113277005968763778e+00,0.000000000000000000e+00
-5.022938621065973219e-01,2.712834748792901429e+00,0.000000000000000000e+00
7.820245222803021701e-01,-5.133283469788833209e+00,0.000000000000000000e+00
-1.508036089120048162e+00,2.769142693426130286e+00,0.000000000000000000e+00
2.379952391742722995e+00,-1.543715777206511097e+00,0.000000000000000000e+00
-5.797874565400793490e-01,4.216995220260979949e+00,0.000000000000000000e+00
-5.937139470775840699e-01,-1.573245984018400767e+00,1.000000000000000000e+00
2.823472132217516695e+00,-1.349774156951188742e+00,0.000000000000000000e+00
-3.361967159622825996e+00,3.371371605739697408e+00,0.000000000000000000e+00
4.548881556676247051e+00,3.693904533251829214e+00,1.000000000000000000e+00
-1.628917409248930914e+00,-1.321945590643942348e+00,1.000000000000000000e+00
-2.532049054241327202e+00,5.165630925341245572e+00,0.000000000000000000e+00
4.335832567058345077e+00,1.084743411954548264e+00,1.000000000000000000e+00
-2.969558297305773920e+00,4.621584778805349458e+00,0.000000000000000000e+00
2.165722985634174869e+00,-7.269472879532399290e-01,0.000000000000000000e+00
4.497550738727783326e+00,-1.046437370865540339e+00,0.000000000000000000e+00
2.016195125837074276e+00,4.766401826433241062e+00,1.000000000000000000e+00
1.213572354282206112e+00,-3.978760042339130720e+00,0.000000000000000000e+00
4.992387596607522404e+00,7.287674626001969802e-01,1.000000000000000000e+00
-5.166010316428695681e+00,-5.143495996573954621e+00,1.000000000000000000e+00
-4.470851761413225489e+00,4.169213648092018332e+00,0.000000000000000000e+00
-4.534427827799547117e+00,2.913577169130728173e+00,0.000000000000000000e+00
6.817286026838074164e-01,2.672427914914623948e+00,1.000000000000000000e+00
-4.057047300047081251e+00,4.334366001116122469e+00,0.000000000000000000e+00
-4.597051865576626262e-01,-3.794730881265039102e+00,1.000000000000000000e+00
-4.615198173122822545e-01,-3.062103160068176511e+00,1.000000000000000000e+00
-3.626105166729201912e+00,-4.668636020644098217e+00,1.000000000000000000e+00
2.049972108453521180e+00,2.391578787228600511e+00,1.000000000000000000e+00
-2.169583944586736646e+00,1.596667830806201893e+00,0.000000000000000000e+00
-3.260878274408805844e+00,2.511445434894623130e+00,0.000000000000000000e+00
2.782469198544089473e+00,3.213725027727917904e+00,1.000000000000000000e+00
3.934968370608939559e+00,-2.118318523075481519e+00,0.000000000000000000e+00
1.613238974159449723e+00,4.354548564022331369e+00,1.000000000000000000e+00
-7.189751946891063117e-01,-5.282510077973308960e+00,1.000000000000000000e+00
-4.648104092715056090e+00,3.292232075847709161e-01,1.000000000000000000e+00
-3.281705759529720101e+00,2.124450170675955096e+00,0.000000000000000000e+00
2.752146116571186241e+00,-1.981101690783236613e+00,0.000000000000000000e+00
3.435971076062616980e+00,3.418546001301844051e+00,1.000000000000000000e+00
2.321111651626856620e+00,-6.202588387737781872e-01,0.000000000000000000e+00
